Problem Started, Fixed Queen Position = (3, 1)

(Fixed queen Marked in Black)
Starting Positions:
(1, 3)
(2, 8)
(3, 1)
(4, 3)
(5, 2)
(6, 4)
(7, 4)
(8, 8)
[(0, 2), (1, 7), (2, 0), (3, 2), (4, 1), (5, 3), (6, 3), (7, 7)] 8
[(0, 2), (1, 5), (2, 0), (3, 2), (4, 1), (5, 3), (6, 3), (7, 7)] 6
[(0, 2), (1, 5), (2, 0), (3, 4), (4, 1), (5, 3), (6, 3), (7, 7)] 5
[(0, 2), (1, 5), (2, 0), (3, 4), (4, 1), (5, 3), (6, 2), (7, 7)] 4
[(0, 3), (1, 5), (2, 0), (3, 4), (4, 1), (5, 3), (6, 2), (7, 7)] 4
[(0, 3), (1, 5), (2, 0), (3, 4), (4, 1), (5, 4), (6, 2), (7, 7)] 2
[(0, 3), (1, 5), (2, 0), (3, 4), (4, 1), (5, 6), (6, 2), (7, 7)] 2
[(0, 3), (1, 5), (2, 0), (3, 4), (4, 1), (5, 7), (6, 2), (7, 7)] 2
[(0, 3), (1, 5), (2, 0), (3, 4), (4, 1), (5, 7), (6, 2), (7, 6)] 0
▨▢▨▢▨▢▨♕
▢▨▢▨▢▨▢▨
▨♕▨▢▨▢▨▢
▢▨▢▨▢▨▢▨
▨▢▨▢▨♕♕▢
♕▨▢♕▢▨▢▨
▨▢▨▢♕▢▨▢
▢▨♛▨▢▨▢▨


▨▢▨▢▨▢▨♕
▢▨▢▨▢▨▢▨
▨♕▨▢▨▢▨▢
▢▨▢♕▢▨▢▨
▨▢▨▢▨♕♕▢
♕▨▢▨▢▨▢▨
▨▢▨▢♕▢▨▢
▢▨♛▨▢▨▢▨


▨▢▨▢▨▢▨♕
▢▨▢▨▢▨▢▨
▨♕▨▢▨▢▨▢
▢▨▢♕▢▨▢▨
▨▢▨▢▨♕▨▢
♕▨▢▨▢▨♕▨
▨▢▨▢♕▢▨▢
▢▨♛▨▢▨▢▨


▨▢▨▢▨▢▨♕
▢▨▢▨▢▨▢▨
▨♕▨▢▨▢▨▢
▢▨▢♕▢▨▢▨
♕▢▨▢▨♕▨▢
▢▨▢▨▢▨♕▨
▨▢▨▢♕▢▨▢
▢▨♛▨▢▨▢▨


▨▢▨▢▨♕▨♕
▢▨▢▨▢▨▢▨
▨♕▨▢▨▢▨▢
▢▨▢♕▢▨▢▨
♕▢▨▢▨▢▨▢
▢▨▢▨▢▨♕▨
▨▢▨▢♕▢▨▢
▢▨♛▨▢▨▢▨


▨▢▨▢▨♕▨▢
▢▨▢▨▢▨▢♕
▨♕▨▢▨▢▨▢
▢▨▢♕▢▨▢▨
♕▢▨▢▨▢▨▢
▢▨▢▨▢▨♕▨
▨▢▨▢♕▢▨▢
▢▨♛▨▢▨▢▨


